1762599932163 0.0006588235294117646 0
1762599952848 0.001238007843137255 1
1762599971869 0.001729192156862745 2
1762599991469 0.0016040000000000002 3
1762600009630 0.0014720000000000002 4
1762600030311 0.00134 5
1762600047385 0.001208 6
1762600064627 0.0010760000000000001 7
1762600083953 0.0009440000000000001 8
1762600101575 0.0008120000000000001 9
1762600120831 0.00068 10
1762600138010 0.0005480000000000002 11
1762600156934 0.0004159999999999999 12
1762600174159 0.00028399999999999996 13
1762600191314 0.00015199999999999998 14
