1762602962048 0.45053 0
1762602980661 0.44761 1
1762603002035 0.42547 2
1762603019440 0.54032 3
1762603037628 0.49179 4
1762603057452 0.60494 5
1762603075658 0.64806 6
1762603093623 0.53764 7
1762603113535 0.62756 8
1762603131076 0.68084 9
1762603151001 0.62453 10
1762603169451 0.60984 11
1762603187498 0.61788 12
1762603206865 0.65318 13
1762603225241 0.65653 14
1762603244583 0.71426 15
1762603263216 0.65477 16
1762603282952 0.61586 17
1762603299989 0.67453 18
1762603314561 0.71658 19
1762603330445 0.65015 20
1762603345593 0.53008 21
1762603360252 0.66306 22
1762603375735 0.63414 23
1762603391471 0.74768 24
1762603406719 0.64125 25
1762603421811 0.6175 26
1762603437254 0.63457 27
1762603451616 0.62054 28
1762603466527 0.66882 29
1762603481333 0.61396 30
1762603497035 0.76788 31
1762603512806 0.68288 32
1762603528508 0.7277 33
1762603543282 0.6458 34
1762603559393 0.66178 35
1762603574000 0.73843 36
1762603589255 0.70056 37
1762603603691 0.56036 38
1762603618883 0.74978 39
1762603634489 0.68917 40
1762603649642 0.7129 41
1762603664702 0.66417 42
1762603679382 0.6176 43
1762603694525 0.74973 44
1762603708837 0.75989 45
1762603724626 0.66316 46
