1762602962048 0.8809 0
1762602980661 0.89369 1
1762603002035 0.89434 2
1762603019440 0.90082 3
1762603037628 0.97806 4
1762603057452 0.98317 5
1762603075658 0.98553 6
1762603093623 0.98792 7
1762603113535 0.9856 8
1762603131076 0.99052 9
1762603151001 0.98976 10
1762603169451 0.99293 11
1762603187498 0.98704 12
1762603206865 0.98651 13
1762603225241 0.99282 14
1762603244583 0.99099 15
1762603263216 0.99239 16
1762603282952 0.99464 17
1762603299989 0.99021 18
1762603314561 0.99379 19
1762603330445 0.99378 20
1762603345593 0.99285 21
1762603360252 0.99372 22
1762603375735 0.99444 23
1762603391471 0.99412 24
1762603406719 0.99309 25
1762603421811 0.99114 26
1762603437254 0.99388 27
1762603451616 0.99485 28
1762603466527 0.99154 29
1762603481333 0.99479 30
1762603497035 0.99318 31
1762603512806 0.98878 32
1762603528508 0.99468 33
1762603543282 0.9947 34
1762603559393 0.99394 35
1762603574000 0.99228 36
1762603589255 0.99371 37
1762603603691 0.98771 38
1762603618883 0.99482 39
1762603634489 0.99421 40
1762603649642 0.99441 41
1762603664702 0.99075 42
1762603679382 0.99381 43
1762603694525 0.99396 44
1762603708837 0.99461 45
1762603724626 0.9941 46
