1762602962048 0.84131 0
1762602980661 0.84903 1
1762603002035 0.8128 2
1762603019440 0.88906 3
1762603037628 0.9302 4
1762603057452 0.96095 5
1762603075658 0.96824 6
1762603093623 0.95583 7
1762603113535 0.96412 8
1762603131076 0.95405 9
1762603151001 0.96143 10
1762603169451 0.96807 11
1762603187498 0.99106 12
1762603206865 0.95714 13
1762603225241 0.9831 14
1762603244583 0.97282 15
1762603263216 0.96521 16
1762603282952 0.98821 17
1762603299989 0.96368 18
1762603314561 0.98535 19
1762603330445 0.98232 20
1762603345593 0.97581 21
1762603360252 0.99107 22
1762603375735 0.97585 23
1762603391471 0.98242 24
1762603406719 0.96827 25
1762603421811 0.98492 26
1762603437254 0.97941 27
1762603451616 0.99033 28
1762603466527 0.99701 29
1762603481333 0.99379 30
1762603497035 0.98882 31
1762603512806 0.98192 32
1762603528508 0.99404 33
1762603543282 0.98934 34
1762603559393 0.98823 35
1762603574000 0.96866 36
1762603589255 0.98259 37
1762603603691 0.97624 38
1762603618883 0.98898 39
1762603634489 0.99108 40
1762603649642 0.98531 41
1762603664702 0.98516 42
1762603679382 0.98397 43
1762603694525 0.98824 44
1762603708837 0.98679 45
1762603724626 0.97863 46
