1762602962048 0.74412 0
1762602980661 0.82705 1
1762603002035 0.83529 2
1762603019440 0.80882 3
1762603037628 0.96765 4
1762603057452 0.93529 5
1762603075658 0.97353 6
1762603093623 0.95481 7
1762603113535 0.94839 8
1762603131076 0.97696 9
1762603151001 0.96176 10
1762603169451 0.98529 11
1762603187498 0.94706 12
1762603206865 0.98528 13
1762603225241 0.97353 14
1762603244583 0.96765 15
1762603263216 0.97941 16
1762603282952 0.98598 17
1762603299989 0.97941 18
1762603314561 0.97941 19
1762603330445 0.98052 20
1762603345593 0.97353 21
1762603360252 0.97896 22
1762603375735 0.99412 23
1762603391471 0.98604 24
1762603406719 0.97647 25
1762603421811 0.96063 26
1762603437254 0.97929 27
1762603451616 0.99412 28
1762603466527 0.97928 29
1762603481333 0.98824 30
1762603497035 0.96765 31
1762603512806 0.97941 32
1762603528508 0.98529 33
1762603543282 0.99118 34
1762603559393 0.98797 35
1762603574000 0.99992 36
1762603589255 0.99584 37
1762603603691 0.96667 38
1762603618883 0.98824 39
1762603634489 0.98025 40
1762603649642 0.98656 41
1762603664702 0.97641 42
1762603679382 0.98235 43
1762603694525 0.98898 44
1762603708837 0.99118 45
1762603724626 0.99412 46
