1762602957620 1.27602 0
1762602977634 1.24435 1
1762602997962 1.26774 2
1762603016525 1.20921 3
1762603034273 1.17168 4
1762603054640 1.19635 5
1762603072844 1.15494 6
1762603092643 1.14256 7
1762603110753 1.12769 8
1762603128373 1.13169 9
1762603148356 1.10415 10
1762603166628 1.10156 11
1762603185803 1.09701 12
1762603204128 1.05741 13
1762603222375 1.07296 14
1762603241810 1.08553 15
1762603260373 1.02901 16
1762603279995 1.01796 17
1762603297820 1.04952 18
1762603313205 1.02998 19
1762603327995 1.02154 20
1762603343605 1.01211 21
1762603358239 1.01831 22
1762603373405 1.01207 23
1762603389168 1.01863 24
1762603404501 0.98634 25
1762603419599 0.95702 26
1762603435088 1.00298 27
1762603449514 0.9878 28
1762603464593 0.97569 29
1762603479318 0.98693 30
1762603494520 0.97989 31
1762603510409 0.95943 32
1762603526114 0.96527 33
1762603541079 0.95011 34
1762603557089 0.96528 35
1762603571804 0.96494 36
1762603587002 0.93554 37
1762603601502 0.93793 38
1762603616889 0.92091 39
1762603633097 0.94209 40
1762603647639 0.93696 41
1762603662638 0.9295 42
1762603676940 0.93388 43
1762603692395 0.91162 44
1762603706725 0.91407 45
1762603722456 0.91086 46
