1762602957620 2.13554 0
1762602977634 1.43462 1
1762602997962 1.16956 2
1762603016525 1.00409 3
1762603034273 0.88199 4
1762603054640 0.85464 5
1762603072844 0.82702 6
1762603092643 0.80176 7
1762603110753 0.77127 8
1762603128373 0.75511 9
1762603148356 0.72955 10
1762603166628 0.72964 11
1762603185803 0.72915 12
1762603204128 0.69093 13
1762603222375 0.71098 14
1762603241810 0.70571 15
1762603260373 0.66758 16
1762603279995 0.66006 17
1762603297820 0.66417 18
1762603313205 0.66396 19
1762603327995 0.64194 20
1762603343605 0.63018 21
1762603358239 0.64431 22
1762603373405 0.62002 23
1762603389168 0.65105 24
1762603404501 0.61292 25
1762603419599 0.59921 26
1762603435088 0.61552 27
1762603449514 0.61567 28
1762603464593 0.59211 29
1762603479318 0.59674 30
1762603494520 0.61096 31
1762603510409 0.58096 32
1762603526114 0.58899 33
1762603541079 0.5651 34
1762603557089 0.59085 35
1762603571804 0.58455 36
1762603587002 0.566 37
1762603601502 0.56328 38
1762603616889 0.54333 39
1762603633097 0.58332 40
1762603647639 0.56447 41
1762603662638 0.54222 42
1762603676940 0.54152 43
1762603692395 0.53157 44
1762603706725 0.53697 45
1762603722456 0.54167 46
