1762602957620 1.20707 0
1762602977634 1.16852 1
1762602997962 1.19037 2
1762603016525 1.1599 3
1762603034273 1.1642 4
1762603054640 1.16944 5
1762603072844 1.15627 6
1762603092643 1.15037 7
1762603110753 1.14838 8
1762603128373 1.13875 9
1762603148356 1.11837 10
1762603166628 1.13096 11
1762603185803 1.11802 12
1762603204128 1.09495 13
1762603222375 1.1218 14
1762603241810 1.12889 15
1762603260373 1.08965 16
1762603279995 1.08736 17
1762603297820 1.11172 18
1762603313205 1.08583 19
1762603327995 1.08203 20
1762603343605 1.07578 21
1762603358239 1.08076 22
1762603373405 1.08073 23
1762603389168 1.08225 24
1762603404501 1.07214 25
1762603419599 1.04952 26
1762603435088 1.07245 27
1762603449514 1.07886 28
1762603464593 1.05205 29
1762603479318 1.06808 30
1762603494520 1.05888 31
1762603510409 1.05397 32
1762603526114 1.05738 33
1762603541079 1.0544 34
1762603557089 1.05651 35
1762603571804 1.0377 36
1762603587002 1.04825 37
1762603601502 1.04941 38
1762603616889 1.03526 39
1762603633097 1.04758 40
1762603647639 1.03838 41
1762603662638 1.04539 42
1762603676940 1.0388 43
1762603692395 1.03203 44
1762603706725 1.03123 45
1762603722456 1.03645 46
