1762602957620 0.0006588235294117646 0
1762602977634 0.001312367843137255 1
1762602997962 0.0019527121568627453 2
1762603016525 0.0019406 3
1762603034273 0.0019207999999999999 4
1762603054640 0.0019010000000000001 5
1762603072844 0.0018812 6
1762603092643 0.0018614 7
1762603110753 0.0018416 8
1762603128373 0.0018218000000000002 9
1762603148356 0.001802 10
1762603166628 0.0017822 11
1762603185803 0.0017624 12
1762603204128 0.0017426 13
1762603222375 0.0017228 14
1762603241810 0.001703 15
1762603260373 0.0016832000000000001 16
1762603279995 0.0016634 17
1762603297820 0.0016436000000000003 18
1762603313205 0.0016238000000000001 19
1762603327995 0.0016040000000000002 20
1762603343605 0.0015842 21
1762603358239 0.0015644 22
1762603373405 0.0015446 23
1762603389168 0.0015248 24
1762603404501 0.0015049999999999998 25
1762603419599 0.0014852 26
1762603435088 0.0014654000000000002 27
1762603449514 0.0014456 28
1762603464593 0.0014258 29
1762603479318 0.001406 30
1762603494520 0.0013862 31
1762603510409 0.0013663999999999998 32
1762603526114 0.0013465999999999999 33
1762603541079 0.0013267999999999997 34
1762603557089 0.001307 35
1762603571804 0.0012872 36
1762603587002 0.0012674000000000001 37
1762603601502 0.0012476 38
1762603616889 0.0012278 39
1762603633097 0.001208 40
1762603647639 0.0011882000000000002 41
1762603662638 0.0011684000000000002 42
1762603676940 0.0011486 43
1762603692395 0.0011288000000000001 44
1762603706725 0.001109 45
1762603722456 0.0010892000000000002 46
